{
 "cells": [
  {
   "cell_type": "code",
   "execution_count": 13,
   "id": "e43488f1",
   "metadata": {},
   "outputs": [],
   "source": [
    "import matplotlib.pyplot as plt\n",
    "import numpy as np\n",
    "import pandas as pd\n",
    "from sklearn.metrics import r2_score\n",
    "from sklearn.preprocessing import LabelEncoder\n",
    "import seaborn as sns\n",
    "from sklearn.impute import SimpleImputer"
   ]
  },
  {
   "cell_type": "code",
   "execution_count": 113,
   "id": "259b3bee",
   "metadata": {},
   "outputs": [
    {
     "data": {
      "text/html": [
       "<div>\n",
       "<style scoped>\n",
       "    .dataframe tbody tr th:only-of-type {\n",
       "        vertical-align: middle;\n",
       "    }\n",
       "\n",
       "    .dataframe tbody tr th {\n",
       "        vertical-align: top;\n",
       "    }\n",
       "\n",
       "    .dataframe thead th {\n",
       "        text-align: right;\n",
       "    }\n",
       "</style>\n",
       "<table border=\"1\" class=\"dataframe\">\n",
       "  <thead>\n",
       "    <tr style=\"text-align: right;\">\n",
       "      <th></th>\n",
       "      <th>age</th>\n",
       "      <th>job</th>\n",
       "      <th>marital</th>\n",
       "      <th>education</th>\n",
       "      <th>default</th>\n",
       "      <th>balance</th>\n",
       "      <th>housing</th>\n",
       "      <th>loan</th>\n",
       "      <th>contact</th>\n",
       "      <th>day</th>\n",
       "      <th>month</th>\n",
       "      <th>duration</th>\n",
       "      <th>campaign</th>\n",
       "      <th>pdays</th>\n",
       "      <th>previous</th>\n",
       "      <th>poutcome</th>\n",
       "      <th>deposit</th>\n",
       "    </tr>\n",
       "  </thead>\n",
       "  <tbody>\n",
       "    <tr>\n",
       "      <th>0</th>\n",
       "      <td>59</td>\n",
       "      <td>admin.</td>\n",
       "      <td>married</td>\n",
       "      <td>secondary</td>\n",
       "      <td>no</td>\n",
       "      <td>2343</td>\n",
       "      <td>yes</td>\n",
       "      <td>no</td>\n",
       "      <td>unknown</td>\n",
       "      <td>5</td>\n",
       "      <td>may</td>\n",
       "      <td>1042</td>\n",
       "      <td>1</td>\n",
       "      <td>-1</td>\n",
       "      <td>0</td>\n",
       "      <td>unknown</td>\n",
       "      <td>yes</td>\n",
       "    </tr>\n",
       "    <tr>\n",
       "      <th>1</th>\n",
       "      <td>56</td>\n",
       "      <td>admin.</td>\n",
       "      <td>married</td>\n",
       "      <td>secondary</td>\n",
       "      <td>no</td>\n",
       "      <td>45</td>\n",
       "      <td>no</td>\n",
       "      <td>no</td>\n",
       "      <td>unknown</td>\n",
       "      <td>5</td>\n",
       "      <td>may</td>\n",
       "      <td>1467</td>\n",
       "      <td>1</td>\n",
       "      <td>-1</td>\n",
       "      <td>0</td>\n",
       "      <td>unknown</td>\n",
       "      <td>yes</td>\n",
       "    </tr>\n",
       "    <tr>\n",
       "      <th>2</th>\n",
       "      <td>41</td>\n",
       "      <td>technician</td>\n",
       "      <td>married</td>\n",
       "      <td>secondary</td>\n",
       "      <td>no</td>\n",
       "      <td>1270</td>\n",
       "      <td>yes</td>\n",
       "      <td>no</td>\n",
       "      <td>unknown</td>\n",
       "      <td>5</td>\n",
       "      <td>may</td>\n",
       "      <td>1389</td>\n",
       "      <td>1</td>\n",
       "      <td>-1</td>\n",
       "      <td>0</td>\n",
       "      <td>unknown</td>\n",
       "      <td>yes</td>\n",
       "    </tr>\n",
       "    <tr>\n",
       "      <th>3</th>\n",
       "      <td>55</td>\n",
       "      <td>services</td>\n",
       "      <td>married</td>\n",
       "      <td>secondary</td>\n",
       "      <td>no</td>\n",
       "      <td>2476</td>\n",
       "      <td>yes</td>\n",
       "      <td>no</td>\n",
       "      <td>unknown</td>\n",
       "      <td>5</td>\n",
       "      <td>may</td>\n",
       "      <td>579</td>\n",
       "      <td>1</td>\n",
       "      <td>-1</td>\n",
       "      <td>0</td>\n",
       "      <td>unknown</td>\n",
       "      <td>yes</td>\n",
       "    </tr>\n",
       "    <tr>\n",
       "      <th>4</th>\n",
       "      <td>54</td>\n",
       "      <td>admin.</td>\n",
       "      <td>married</td>\n",
       "      <td>tertiary</td>\n",
       "      <td>no</td>\n",
       "      <td>184</td>\n",
       "      <td>no</td>\n",
       "      <td>no</td>\n",
       "      <td>unknown</td>\n",
       "      <td>5</td>\n",
       "      <td>may</td>\n",
       "      <td>673</td>\n",
       "      <td>2</td>\n",
       "      <td>-1</td>\n",
       "      <td>0</td>\n",
       "      <td>unknown</td>\n",
       "      <td>yes</td>\n",
       "    </tr>\n",
       "  </tbody>\n",
       "</table>\n",
       "</div>"
      ],
      "text/plain": [
       "   age         job  marital  education default  balance housing loan  contact  \\\n",
       "0   59      admin.  married  secondary      no     2343     yes   no  unknown   \n",
       "1   56      admin.  married  secondary      no       45      no   no  unknown   \n",
       "2   41  technician  married  secondary      no     1270     yes   no  unknown   \n",
       "3   55    services  married  secondary      no     2476     yes   no  unknown   \n",
       "4   54      admin.  married   tertiary      no      184      no   no  unknown   \n",
       "\n",
       "   day month  duration  campaign  pdays  previous poutcome deposit  \n",
       "0    5   may      1042         1     -1         0  unknown     yes  \n",
       "1    5   may      1467         1     -1         0  unknown     yes  \n",
       "2    5   may      1389         1     -1         0  unknown     yes  \n",
       "3    5   may       579         1     -1         0  unknown     yes  \n",
       "4    5   may       673         2     -1         0  unknown     yes  "
      ]
     },
     "execution_count": 113,
     "metadata": {},
     "output_type": "execute_result"
    }
   ],
   "source": [
    "df = pd.read_csv('bank.csv')\n",
    "df_original = pd.read_csv('bank.csv')\n",
    "df.head(5)"
   ]
  },
  {
   "cell_type": "code",
   "execution_count": 10,
   "id": "061537bc",
   "metadata": {},
   "outputs": [],
   "source": []
  },
  {
   "cell_type": "code",
   "execution_count": 9,
   "id": "dffb5619",
   "metadata": {},
   "outputs": [
    {
     "data": {
      "text/html": [
       "<div>\n",
       "<style scoped>\n",
       "    .dataframe tbody tr th:only-of-type {\n",
       "        vertical-align: middle;\n",
       "    }\n",
       "\n",
       "    .dataframe tbody tr th {\n",
       "        vertical-align: top;\n",
       "    }\n",
       "\n",
       "    .dataframe thead th {\n",
       "        text-align: right;\n",
       "    }\n",
       "</style>\n",
       "<table border=\"1\" class=\"dataframe\">\n",
       "  <thead>\n",
       "    <tr style=\"text-align: right;\">\n",
       "      <th></th>\n",
       "      <th>education</th>\n",
       "      <th>job</th>\n",
       "      <th>marital</th>\n",
       "      <th>age</th>\n",
       "      <th>default</th>\n",
       "      <th>balance</th>\n",
       "      <th>housing</th>\n",
       "      <th>loan</th>\n",
       "      <th>contact</th>\n",
       "      <th>day</th>\n",
       "      <th>month</th>\n",
       "      <th>duration</th>\n",
       "      <th>campaign</th>\n",
       "      <th>pdays</th>\n",
       "      <th>previous</th>\n",
       "      <th>poutcome</th>\n",
       "      <th>deposit</th>\n",
       "    </tr>\n",
       "  </thead>\n",
       "  <tbody>\n",
       "    <tr>\n",
       "      <th>education</th>\n",
       "      <td>1.000000</td>\n",
       "      <td>0.226336</td>\n",
       "      <td>-0.038460</td>\n",
       "      <td>0.089016</td>\n",
       "      <td>0.008501</td>\n",
       "      <td>0.016761</td>\n",
       "      <td>0.088135</td>\n",
       "      <td>-0.068010</td>\n",
       "      <td>0.039878</td>\n",
       "      <td>0.008024</td>\n",
       "      <td>0.014184</td>\n",
       "      <td>0.004650</td>\n",
       "      <td>0.023285</td>\n",
       "      <td>-0.015496</td>\n",
       "      <td>-0.015662</td>\n",
       "      <td>-0.009439</td>\n",
       "      <td>-0.012164</td>\n",
       "    </tr>\n",
       "    <tr>\n",
       "      <th>job</th>\n",
       "      <td>0.226336</td>\n",
       "      <td>1.000000</td>\n",
       "      <td>-0.015023</td>\n",
       "      <td>0.104184</td>\n",
       "      <td>0.019306</td>\n",
       "      <td>-0.011882</td>\n",
       "      <td>0.101952</td>\n",
       "      <td>-0.053190</td>\n",
       "      <td>0.021981</td>\n",
       "      <td>-0.006907</td>\n",
       "      <td>0.022391</td>\n",
       "      <td>-0.028644</td>\n",
       "      <td>-0.009984</td>\n",
       "      <td>-0.014638</td>\n",
       "      <td>-0.013728</td>\n",
       "      <td>-0.002194</td>\n",
       "      <td>-0.029880</td>\n",
       "    </tr>\n",
       "    <tr>\n",
       "      <th>marital</th>\n",
       "      <td>-0.038460</td>\n",
       "      <td>-0.015023</td>\n",
       "      <td>1.000000</td>\n",
       "      <td>-0.022549</td>\n",
       "      <td>0.013950</td>\n",
       "      <td>-0.028302</td>\n",
       "      <td>0.022530</td>\n",
       "      <td>-0.019343</td>\n",
       "      <td>-0.016336</td>\n",
       "      <td>-0.007394</td>\n",
       "      <td>0.000692</td>\n",
       "      <td>-0.043801</td>\n",
       "      <td>-0.035457</td>\n",
       "      <td>0.004472</td>\n",
       "      <td>-0.006329</td>\n",
       "      <td>-0.008716</td>\n",
       "      <td>-0.068325</td>\n",
       "    </tr>\n",
       "    <tr>\n",
       "      <th>age</th>\n",
       "      <td>0.089016</td>\n",
       "      <td>0.104184</td>\n",
       "      <td>-0.022549</td>\n",
       "      <td>1.000000</td>\n",
       "      <td>-0.011974</td>\n",
       "      <td>0.024335</td>\n",
       "      <td>0.144435</td>\n",
       "      <td>-0.050349</td>\n",
       "      <td>0.150793</td>\n",
       "      <td>0.004814</td>\n",
       "      <td>0.103314</td>\n",
       "      <td>-0.002673</td>\n",
       "      <td>-0.036110</td>\n",
       "      <td>0.009237</td>\n",
       "      <td>0.036513</td>\n",
       "      <td>0.061671</td>\n",
       "      <td>-0.121012</td>\n",
       "    </tr>\n",
       "    <tr>\n",
       "      <th>default</th>\n",
       "      <td>0.008501</td>\n",
       "      <td>0.019306</td>\n",
       "      <td>0.013950</td>\n",
       "      <td>-0.011974</td>\n",
       "      <td>1.000000</td>\n",
       "      <td>0.008113</td>\n",
       "      <td>-0.011076</td>\n",
       "      <td>0.076434</td>\n",
       "      <td>-0.045252</td>\n",
       "      <td>0.001441</td>\n",
       "      <td>-0.038603</td>\n",
       "      <td>-0.020876</td>\n",
       "      <td>0.031447</td>\n",
       "      <td>-0.041202</td>\n",
       "      <td>-0.034170</td>\n",
       "      <td>-0.053619</td>\n",
       "      <td>0.040680</td>\n",
       "    </tr>\n",
       "    <tr>\n",
       "      <th>balance</th>\n",
       "      <td>0.016761</td>\n",
       "      <td>-0.011882</td>\n",
       "      <td>-0.028302</td>\n",
       "      <td>0.024335</td>\n",
       "      <td>0.008113</td>\n",
       "      <td>1.000000</td>\n",
       "      <td>-0.032103</td>\n",
       "      <td>-0.002615</td>\n",
       "      <td>-0.015252</td>\n",
       "      <td>0.004135</td>\n",
       "      <td>-0.010458</td>\n",
       "      <td>0.173159</td>\n",
       "      <td>0.007727</td>\n",
       "      <td>-0.007266</td>\n",
       "      <td>-0.008593</td>\n",
       "      <td>-0.046069</td>\n",
       "      <td>0.281372</td>\n",
       "    </tr>\n",
       "    <tr>\n",
       "      <th>housing</th>\n",
       "      <td>0.088135</td>\n",
       "      <td>0.101952</td>\n",
       "      <td>0.022530</td>\n",
       "      <td>0.144435</td>\n",
       "      <td>-0.011076</td>\n",
       "      <td>-0.032103</td>\n",
       "      <td>1.000000</td>\n",
       "      <td>-0.076761</td>\n",
       "      <td>0.247982</td>\n",
       "      <td>0.072916</td>\n",
       "      <td>0.238924</td>\n",
       "      <td>0.008469</td>\n",
       "      <td>0.001809</td>\n",
       "      <td>-0.005676</td>\n",
       "      <td>0.005637</td>\n",
       "      <td>0.062070</td>\n",
       "      <td>-0.203888</td>\n",
       "    </tr>\n",
       "    <tr>\n",
       "      <th>loan</th>\n",
       "      <td>-0.068010</td>\n",
       "      <td>-0.053190</td>\n",
       "      <td>-0.019343</td>\n",
       "      <td>-0.050349</td>\n",
       "      <td>0.076434</td>\n",
       "      <td>-0.002615</td>\n",
       "      <td>-0.076761</td>\n",
       "      <td>1.000000</td>\n",
       "      <td>-0.020533</td>\n",
       "      <td>0.015214</td>\n",
       "      <td>-0.070157</td>\n",
       "      <td>0.011560</td>\n",
       "      <td>0.036755</td>\n",
       "      <td>-0.016651</td>\n",
       "      <td>-0.031118</td>\n",
       "      <td>-0.069933</td>\n",
       "      <td>0.110580</td>\n",
       "    </tr>\n",
       "    <tr>\n",
       "      <th>contact</th>\n",
       "      <td>0.039878</td>\n",
       "      <td>0.021981</td>\n",
       "      <td>-0.016336</td>\n",
       "      <td>0.150793</td>\n",
       "      <td>-0.045252</td>\n",
       "      <td>-0.015252</td>\n",
       "      <td>0.247982</td>\n",
       "      <td>-0.020533</td>\n",
       "      <td>1.000000</td>\n",
       "      <td>0.124734</td>\n",
       "      <td>0.388475</td>\n",
       "      <td>0.040490</td>\n",
       "      <td>-0.008840</td>\n",
       "      <td>0.164696</td>\n",
       "      <td>0.164046</td>\n",
       "      <td>0.223145</td>\n",
       "      <td>-0.212974</td>\n",
       "    </tr>\n",
       "    <tr>\n",
       "      <th>day</th>\n",
       "      <td>0.008024</td>\n",
       "      <td>-0.006907</td>\n",
       "      <td>-0.007394</td>\n",
       "      <td>0.004814</td>\n",
       "      <td>0.001441</td>\n",
       "      <td>0.004135</td>\n",
       "      <td>0.072916</td>\n",
       "      <td>0.015214</td>\n",
       "      <td>0.124734</td>\n",
       "      <td>1.000000</td>\n",
       "      <td>0.115517</td>\n",
       "      <td>0.009806</td>\n",
       "      <td>0.061606</td>\n",
       "      <td>0.016496</td>\n",
       "      <td>0.006969</td>\n",
       "      <td>0.021264</td>\n",
       "      <td>-0.045233</td>\n",
       "    </tr>\n",
       "    <tr>\n",
       "      <th>month</th>\n",
       "      <td>0.014184</td>\n",
       "      <td>0.022391</td>\n",
       "      <td>0.000692</td>\n",
       "      <td>0.103314</td>\n",
       "      <td>-0.038603</td>\n",
       "      <td>-0.010458</td>\n",
       "      <td>0.238924</td>\n",
       "      <td>-0.070157</td>\n",
       "      <td>0.388475</td>\n",
       "      <td>0.115517</td>\n",
       "      <td>1.000000</td>\n",
       "      <td>0.015971</td>\n",
       "      <td>-0.111143</td>\n",
       "      <td>0.145596</td>\n",
       "      <td>0.129968</td>\n",
       "      <td>0.198137</td>\n",
       "      <td>-0.232678</td>\n",
       "    </tr>\n",
       "    <tr>\n",
       "      <th>duration</th>\n",
       "      <td>0.004650</td>\n",
       "      <td>-0.028644</td>\n",
       "      <td>-0.043801</td>\n",
       "      <td>-0.002673</td>\n",
       "      <td>-0.020876</td>\n",
       "      <td>0.173159</td>\n",
       "      <td>0.008469</td>\n",
       "      <td>0.011560</td>\n",
       "      <td>0.040490</td>\n",
       "      <td>0.009806</td>\n",
       "      <td>0.015971</td>\n",
       "      <td>1.000000</td>\n",
       "      <td>0.074561</td>\n",
       "      <td>0.049777</td>\n",
       "      <td>0.035247</td>\n",
       "      <td>0.029360</td>\n",
       "      <td>0.359805</td>\n",
       "    </tr>\n",
       "    <tr>\n",
       "      <th>campaign</th>\n",
       "      <td>0.023285</td>\n",
       "      <td>-0.009984</td>\n",
       "      <td>-0.035457</td>\n",
       "      <td>-0.036110</td>\n",
       "      <td>0.031447</td>\n",
       "      <td>0.007727</td>\n",
       "      <td>0.001809</td>\n",
       "      <td>0.036755</td>\n",
       "      <td>-0.008840</td>\n",
       "      <td>0.061606</td>\n",
       "      <td>-0.111143</td>\n",
       "      <td>0.074561</td>\n",
       "      <td>1.000000</td>\n",
       "      <td>-0.090188</td>\n",
       "      <td>-0.051806</td>\n",
       "      <td>-0.132759</td>\n",
       "      <td>0.128233</td>\n",
       "    </tr>\n",
       "    <tr>\n",
       "      <th>pdays</th>\n",
       "      <td>-0.015496</td>\n",
       "      <td>-0.014638</td>\n",
       "      <td>0.004472</td>\n",
       "      <td>0.009237</td>\n",
       "      <td>-0.041202</td>\n",
       "      <td>-0.007266</td>\n",
       "      <td>-0.005676</td>\n",
       "      <td>-0.016651</td>\n",
       "      <td>0.164696</td>\n",
       "      <td>0.016496</td>\n",
       "      <td>0.145596</td>\n",
       "      <td>0.049777</td>\n",
       "      <td>-0.090188</td>\n",
       "      <td>1.000000</td>\n",
       "      <td>0.471464</td>\n",
       "      <td>0.640940</td>\n",
       "      <td>-0.101655</td>\n",
       "    </tr>\n",
       "    <tr>\n",
       "      <th>previous</th>\n",
       "      <td>-0.015662</td>\n",
       "      <td>-0.013728</td>\n",
       "      <td>-0.006329</td>\n",
       "      <td>0.036513</td>\n",
       "      <td>-0.034170</td>\n",
       "      <td>-0.008593</td>\n",
       "      <td>0.005637</td>\n",
       "      <td>-0.031118</td>\n",
       "      <td>0.164046</td>\n",
       "      <td>0.006969</td>\n",
       "      <td>0.129968</td>\n",
       "      <td>0.035247</td>\n",
       "      <td>-0.051806</td>\n",
       "      <td>0.471464</td>\n",
       "      <td>1.000000</td>\n",
       "      <td>0.585844</td>\n",
       "      <td>-0.141348</td>\n",
       "    </tr>\n",
       "    <tr>\n",
       "      <th>poutcome</th>\n",
       "      <td>-0.009439</td>\n",
       "      <td>-0.002194</td>\n",
       "      <td>-0.008716</td>\n",
       "      <td>0.061671</td>\n",
       "      <td>-0.053619</td>\n",
       "      <td>-0.046069</td>\n",
       "      <td>0.062070</td>\n",
       "      <td>-0.069933</td>\n",
       "      <td>0.223145</td>\n",
       "      <td>0.021264</td>\n",
       "      <td>0.198137</td>\n",
       "      <td>0.029360</td>\n",
       "      <td>-0.132759</td>\n",
       "      <td>0.640940</td>\n",
       "      <td>0.585844</td>\n",
       "      <td>1.000000</td>\n",
       "      <td>-0.269969</td>\n",
       "    </tr>\n",
       "    <tr>\n",
       "      <th>deposit</th>\n",
       "      <td>-0.012164</td>\n",
       "      <td>-0.029880</td>\n",
       "      <td>-0.068325</td>\n",
       "      <td>-0.121012</td>\n",
       "      <td>0.040680</td>\n",
       "      <td>0.281372</td>\n",
       "      <td>-0.203888</td>\n",
       "      <td>0.110580</td>\n",
       "      <td>-0.212974</td>\n",
       "      <td>-0.045233</td>\n",
       "      <td>-0.232678</td>\n",
       "      <td>0.359805</td>\n",
       "      <td>0.128233</td>\n",
       "      <td>-0.101655</td>\n",
       "      <td>-0.141348</td>\n",
       "      <td>-0.269969</td>\n",
       "      <td>1.000000</td>\n",
       "    </tr>\n",
       "  </tbody>\n",
       "</table>\n",
       "</div>"
      ],
      "text/plain": [
       "           education       job   marital       age   default   balance  \\\n",
       "education   1.000000  0.226336 -0.038460  0.089016  0.008501  0.016761   \n",
       "job         0.226336  1.000000 -0.015023  0.104184  0.019306 -0.011882   \n",
       "marital    -0.038460 -0.015023  1.000000 -0.022549  0.013950 -0.028302   \n",
       "age         0.089016  0.104184 -0.022549  1.000000 -0.011974  0.024335   \n",
       "default     0.008501  0.019306  0.013950 -0.011974  1.000000  0.008113   \n",
       "balance     0.016761 -0.011882 -0.028302  0.024335  0.008113  1.000000   \n",
       "housing     0.088135  0.101952  0.022530  0.144435 -0.011076 -0.032103   \n",
       "loan       -0.068010 -0.053190 -0.019343 -0.050349  0.076434 -0.002615   \n",
       "contact     0.039878  0.021981 -0.016336  0.150793 -0.045252 -0.015252   \n",
       "day         0.008024 -0.006907 -0.007394  0.004814  0.001441  0.004135   \n",
       "month       0.014184  0.022391  0.000692  0.103314 -0.038603 -0.010458   \n",
       "duration    0.004650 -0.028644 -0.043801 -0.002673 -0.020876  0.173159   \n",
       "campaign    0.023285 -0.009984 -0.035457 -0.036110  0.031447  0.007727   \n",
       "pdays      -0.015496 -0.014638  0.004472  0.009237 -0.041202 -0.007266   \n",
       "previous   -0.015662 -0.013728 -0.006329  0.036513 -0.034170 -0.008593   \n",
       "poutcome   -0.009439 -0.002194 -0.008716  0.061671 -0.053619 -0.046069   \n",
       "deposit    -0.012164 -0.029880 -0.068325 -0.121012  0.040680  0.281372   \n",
       "\n",
       "            housing      loan   contact       day     month  duration  \\\n",
       "education  0.088135 -0.068010  0.039878  0.008024  0.014184  0.004650   \n",
       "job        0.101952 -0.053190  0.021981 -0.006907  0.022391 -0.028644   \n",
       "marital    0.022530 -0.019343 -0.016336 -0.007394  0.000692 -0.043801   \n",
       "age        0.144435 -0.050349  0.150793  0.004814  0.103314 -0.002673   \n",
       "default   -0.011076  0.076434 -0.045252  0.001441 -0.038603 -0.020876   \n",
       "balance   -0.032103 -0.002615 -0.015252  0.004135 -0.010458  0.173159   \n",
       "housing    1.000000 -0.076761  0.247982  0.072916  0.238924  0.008469   \n",
       "loan      -0.076761  1.000000 -0.020533  0.015214 -0.070157  0.011560   \n",
       "contact    0.247982 -0.020533  1.000000  0.124734  0.388475  0.040490   \n",
       "day        0.072916  0.015214  0.124734  1.000000  0.115517  0.009806   \n",
       "month      0.238924 -0.070157  0.388475  0.115517  1.000000  0.015971   \n",
       "duration   0.008469  0.011560  0.040490  0.009806  0.015971  1.000000   \n",
       "campaign   0.001809  0.036755 -0.008840  0.061606 -0.111143  0.074561   \n",
       "pdays     -0.005676 -0.016651  0.164696  0.016496  0.145596  0.049777   \n",
       "previous   0.005637 -0.031118  0.164046  0.006969  0.129968  0.035247   \n",
       "poutcome   0.062070 -0.069933  0.223145  0.021264  0.198137  0.029360   \n",
       "deposit   -0.203888  0.110580 -0.212974 -0.045233 -0.232678  0.359805   \n",
       "\n",
       "           campaign     pdays  previous  poutcome   deposit  \n",
       "education  0.023285 -0.015496 -0.015662 -0.009439 -0.012164  \n",
       "job       -0.009984 -0.014638 -0.013728 -0.002194 -0.029880  \n",
       "marital   -0.035457  0.004472 -0.006329 -0.008716 -0.068325  \n",
       "age       -0.036110  0.009237  0.036513  0.061671 -0.121012  \n",
       "default    0.031447 -0.041202 -0.034170 -0.053619  0.040680  \n",
       "balance    0.007727 -0.007266 -0.008593 -0.046069  0.281372  \n",
       "housing    0.001809 -0.005676  0.005637  0.062070 -0.203888  \n",
       "loan       0.036755 -0.016651 -0.031118 -0.069933  0.110580  \n",
       "contact   -0.008840  0.164696  0.164046  0.223145 -0.212974  \n",
       "day        0.061606  0.016496  0.006969  0.021264 -0.045233  \n",
       "month     -0.111143  0.145596  0.129968  0.198137 -0.232678  \n",
       "duration   0.074561  0.049777  0.035247  0.029360  0.359805  \n",
       "campaign   1.000000 -0.090188 -0.051806 -0.132759  0.128233  \n",
       "pdays     -0.090188  1.000000  0.471464  0.640940 -0.101655  \n",
       "previous  -0.051806  0.471464  1.000000  0.585844 -0.141348  \n",
       "poutcome  -0.132759  0.640940  0.585844  1.000000 -0.269969  \n",
       "deposit    0.128233 -0.101655 -0.141348 -0.269969  1.000000  "
      ]
     },
     "execution_count": 9,
     "metadata": {},
     "output_type": "execute_result"
    }
   ],
   "source": [
    "# Check correlation between all selected columns\n",
    "selected_columns = ['education', 'job', 'marital', 'age', 'default', 'balance', 'housing', 'loan', 'contact', 'day', 'month', 'duration', 'campaign', 'pdays', 'previous', 'poutcome', 'deposit']\n",
    "\n",
    "# Convert categorical columns to numeric using factorize, and then calculate correlation\n",
    "correlation_matrix = df[selected_columns].apply(lambda x: x.factorize()[0]).corr()\n",
    "correlation_matrix\n",
    "\n"
   ]
  },
  {
   "cell_type": "markdown",
   "id": "0b98cc1c",
   "metadata": {},
   "source": [
    "# Data Analysis"
   ]
  },
  {
   "cell_type": "markdown",
   "id": "16e585e6",
   "metadata": {},
   "source": [
    "Attribute types for each feature:\n",
    "\n",
    "- age: Continuous\n",
    "- job: Nominal\n",
    "- marital: Nominal\n",
    "- education: Nominal\n",
    "- default: Binary\n",
    "- balance: Continuous\n",
    "- housing: Binary\n",
    "- loan: Binary\n",
    "- contact: Nominal\n",
    "- day: Discrete\n",
    "- month: Nominal\n",
    "- duration: Continuous\n",
    "- campaign: Discrete\n",
    "- pdays: Continuous\n",
    "- previous: Discrete\n",
    "- poutcome: Nominal\n",
    "- deposit: Binary (target variable)\n"
   ]
  },
  {
   "cell_type": "code",
   "execution_count": 9,
   "id": "fa2d2ebe",
   "metadata": {},
   "outputs": [
    {
     "data": {
      "text/plain": [
       "age           int64\n",
       "job          object\n",
       "marital      object\n",
       "education    object\n",
       "default      object\n",
       "balance       int64\n",
       "housing      object\n",
       "loan         object\n",
       "contact      object\n",
       "day           int64\n",
       "month        object\n",
       "duration      int64\n",
       "campaign      int64\n",
       "pdays         int64\n",
       "previous      int64\n",
       "poutcome     object\n",
       "deposit      object\n",
       "dtype: object"
      ]
     },
     "execution_count": 9,
     "metadata": {},
     "output_type": "execute_result"
    }
   ],
   "source": [
    "df.dtypes"
   ]
  },
  {
   "cell_type": "code",
   "execution_count": 10,
   "id": "4b69d995",
   "metadata": {},
   "outputs": [
    {
     "data": {
      "text/plain": [
       "(11162, 17)"
      ]
     },
     "execution_count": 10,
     "metadata": {},
     "output_type": "execute_result"
    }
   ],
   "source": [
    "df.shape"
   ]
  },
  {
   "cell_type": "code",
   "execution_count": 14,
   "id": "75935456",
   "metadata": {},
   "outputs": [
    {
     "name": "stdout",
     "output_type": "stream",
     "text": [
      "<class 'pandas.core.frame.DataFrame'>\n",
      "RangeIndex: 11162 entries, 0 to 11161\n",
      "Data columns (total 17 columns):\n",
      " #   Column     Non-Null Count  Dtype \n",
      "---  ------     --------------  ----- \n",
      " 0   age        11162 non-null  int64 \n",
      " 1   job        11162 non-null  object\n",
      " 2   marital    11162 non-null  object\n",
      " 3   education  11162 non-null  object\n",
      " 4   default    11162 non-null  object\n",
      " 5   balance    11162 non-null  int64 \n",
      " 6   housing    11162 non-null  object\n",
      " 7   loan       11162 non-null  object\n",
      " 8   contact    11162 non-null  object\n",
      " 9   day        11162 non-null  int64 \n",
      " 10  month      11162 non-null  object\n",
      " 11  duration   11162 non-null  int64 \n",
      " 12  campaign   11162 non-null  int64 \n",
      " 13  pdays      11162 non-null  int64 \n",
      " 14  previous   11162 non-null  int64 \n",
      " 15  poutcome   11162 non-null  object\n",
      " 16  deposit    11162 non-null  object\n",
      "dtypes: int64(7), object(10)\n",
      "memory usage: 1.4+ MB\n"
     ]
    }
   ],
   "source": [
    "df.info()"
   ]
  },
  {
   "cell_type": "code",
   "execution_count": 3,
   "id": "12db7eb9",
   "metadata": {},
   "outputs": [
    {
     "name": "stdout",
     "output_type": "stream",
     "text": [
      "age          0\n",
      "job          0\n",
      "marital      0\n",
      "education    0\n",
      "default      0\n",
      "balance      0\n",
      "housing      0\n",
      "loan         0\n",
      "contact      0\n",
      "day          0\n",
      "month        0\n",
      "duration     0\n",
      "campaign     0\n",
      "pdays        0\n",
      "previous     0\n",
      "poutcome     0\n",
      "deposit      0\n",
      "dtype: int64\n"
     ]
    }
   ],
   "source": [
    "missing_values = df.isnull().sum()\n",
    "print(missing_values)"
   ]
  },
  {
   "cell_type": "code",
   "execution_count": 4,
   "id": "acca4fa8",
   "metadata": {},
   "outputs": [
    {
     "data": {
      "text/html": [
       "<div>\n",
       "<style scoped>\n",
       "    .dataframe tbody tr th:only-of-type {\n",
       "        vertical-align: middle;\n",
       "    }\n",
       "\n",
       "    .dataframe tbody tr th {\n",
       "        vertical-align: top;\n",
       "    }\n",
       "\n",
       "    .dataframe thead th {\n",
       "        text-align: right;\n",
       "    }\n",
       "</style>\n",
       "<table border=\"1\" class=\"dataframe\">\n",
       "  <thead>\n",
       "    <tr style=\"text-align: right;\">\n",
       "      <th></th>\n",
       "      <th>age</th>\n",
       "      <th>job</th>\n",
       "      <th>marital</th>\n",
       "      <th>education</th>\n",
       "      <th>default</th>\n",
       "      <th>balance</th>\n",
       "      <th>housing</th>\n",
       "      <th>loan</th>\n",
       "      <th>contact</th>\n",
       "      <th>day</th>\n",
       "      <th>month</th>\n",
       "      <th>duration</th>\n",
       "      <th>campaign</th>\n",
       "      <th>pdays</th>\n",
       "      <th>previous</th>\n",
       "      <th>poutcome</th>\n",
       "      <th>deposit</th>\n",
       "    </tr>\n",
       "  </thead>\n",
       "  <tbody>\n",
       "  </tbody>\n",
       "</table>\n",
       "</div>"
      ],
      "text/plain": [
       "Empty DataFrame\n",
       "Columns: [age, job, marital, education, default, balance, housing, loan, contact, day, month, duration, campaign, pdays, previous, poutcome, deposit]\n",
       "Index: []"
      ]
     },
     "execution_count": 4,
     "metadata": {},
     "output_type": "execute_result"
    }
   ],
   "source": [
    "#checking for duplicated rows\n",
    "duplicated = df[df.duplicated()]\n",
    "duplicated"
   ]
  },
  {
   "cell_type": "markdown",
   "id": "780fe21f",
   "metadata": {},
   "source": [
    "No duplicated rows"
   ]
  },
  {
   "cell_type": "code",
   "execution_count": 5,
   "id": "1d9f587b",
   "metadata": {},
   "outputs": [
    {
     "data": {
      "text/html": [
       "<div>\n",
       "<style scoped>\n",
       "    .dataframe tbody tr th:only-of-type {\n",
       "        vertical-align: middle;\n",
       "    }\n",
       "\n",
       "    .dataframe tbody tr th {\n",
       "        vertical-align: top;\n",
       "    }\n",
       "\n",
       "    .dataframe thead th {\n",
       "        text-align: right;\n",
       "    }\n",
       "</style>\n",
       "<table border=\"1\" class=\"dataframe\">\n",
       "  <thead>\n",
       "    <tr style=\"text-align: right;\">\n",
       "      <th></th>\n",
       "      <th>age</th>\n",
       "      <th>balance</th>\n",
       "      <th>day</th>\n",
       "      <th>duration</th>\n",
       "      <th>campaign</th>\n",
       "      <th>pdays</th>\n",
       "      <th>previous</th>\n",
       "    </tr>\n",
       "  </thead>\n",
       "  <tbody>\n",
       "    <tr>\n",
       "      <th>count</th>\n",
       "      <td>11162.000000</td>\n",
       "      <td>11162.000000</td>\n",
       "      <td>11162.000000</td>\n",
       "      <td>11162.000000</td>\n",
       "      <td>11162.000000</td>\n",
       "      <td>11162.000000</td>\n",
       "      <td>11162.000000</td>\n",
       "    </tr>\n",
       "    <tr>\n",
       "      <th>mean</th>\n",
       "      <td>41.231948</td>\n",
       "      <td>1528.538524</td>\n",
       "      <td>15.658036</td>\n",
       "      <td>371.993818</td>\n",
       "      <td>2.508421</td>\n",
       "      <td>51.330407</td>\n",
       "      <td>0.832557</td>\n",
       "    </tr>\n",
       "    <tr>\n",
       "      <th>std</th>\n",
       "      <td>11.913369</td>\n",
       "      <td>3225.413326</td>\n",
       "      <td>8.420740</td>\n",
       "      <td>347.128386</td>\n",
       "      <td>2.722077</td>\n",
       "      <td>108.758282</td>\n",
       "      <td>2.292007</td>\n",
       "    </tr>\n",
       "    <tr>\n",
       "      <th>min</th>\n",
       "      <td>18.000000</td>\n",
       "      <td>-6847.000000</td>\n",
       "      <td>1.000000</td>\n",
       "      <td>2.000000</td>\n",
       "      <td>1.000000</td>\n",
       "      <td>-1.000000</td>\n",
       "      <td>0.000000</td>\n",
       "    </tr>\n",
       "    <tr>\n",
       "      <th>25%</th>\n",
       "      <td>32.000000</td>\n",
       "      <td>122.000000</td>\n",
       "      <td>8.000000</td>\n",
       "      <td>138.000000</td>\n",
       "      <td>1.000000</td>\n",
       "      <td>-1.000000</td>\n",
       "      <td>0.000000</td>\n",
       "    </tr>\n",
       "    <tr>\n",
       "      <th>50%</th>\n",
       "      <td>39.000000</td>\n",
       "      <td>550.000000</td>\n",
       "      <td>15.000000</td>\n",
       "      <td>255.000000</td>\n",
       "      <td>2.000000</td>\n",
       "      <td>-1.000000</td>\n",
       "      <td>0.000000</td>\n",
       "    </tr>\n",
       "    <tr>\n",
       "      <th>75%</th>\n",
       "      <td>49.000000</td>\n",
       "      <td>1708.000000</td>\n",
       "      <td>22.000000</td>\n",
       "      <td>496.000000</td>\n",
       "      <td>3.000000</td>\n",
       "      <td>20.750000</td>\n",
       "      <td>1.000000</td>\n",
       "    </tr>\n",
       "    <tr>\n",
       "      <th>max</th>\n",
       "      <td>95.000000</td>\n",
       "      <td>81204.000000</td>\n",
       "      <td>31.000000</td>\n",
       "      <td>3881.000000</td>\n",
       "      <td>63.000000</td>\n",
       "      <td>854.000000</td>\n",
       "      <td>58.000000</td>\n",
       "    </tr>\n",
       "  </tbody>\n",
       "</table>\n",
       "</div>"
      ],
      "text/plain": [
       "                age       balance           day      duration      campaign  \\\n",
       "count  11162.000000  11162.000000  11162.000000  11162.000000  11162.000000   \n",
       "mean      41.231948   1528.538524     15.658036    371.993818      2.508421   \n",
       "std       11.913369   3225.413326      8.420740    347.128386      2.722077   \n",
       "min       18.000000  -6847.000000      1.000000      2.000000      1.000000   \n",
       "25%       32.000000    122.000000      8.000000    138.000000      1.000000   \n",
       "50%       39.000000    550.000000     15.000000    255.000000      2.000000   \n",
       "75%       49.000000   1708.000000     22.000000    496.000000      3.000000   \n",
       "max       95.000000  81204.000000     31.000000   3881.000000     63.000000   \n",
       "\n",
       "              pdays      previous  \n",
       "count  11162.000000  11162.000000  \n",
       "mean      51.330407      0.832557  \n",
       "std      108.758282      2.292007  \n",
       "min       -1.000000      0.000000  \n",
       "25%       -1.000000      0.000000  \n",
       "50%       -1.000000      0.000000  \n",
       "75%       20.750000      1.000000  \n",
       "max      854.000000     58.000000  "
      ]
     },
     "execution_count": 5,
     "metadata": {},
     "output_type": "execute_result"
    }
   ],
   "source": [
    "df.describe()"
   ]
  },
  {
   "cell_type": "code",
   "execution_count": null,
   "id": "afd178da",
   "metadata": {},
   "outputs": [],
   "source": []
  },
  {
   "cell_type": "code",
   "execution_count": 22,
   "id": "c872e02e",
   "metadata": {},
   "outputs": [
    {
     "data": {
      "text/html": [
       "<div>\n",
       "<style scoped>\n",
       "    .dataframe tbody tr th:only-of-type {\n",
       "        vertical-align: middle;\n",
       "    }\n",
       "\n",
       "    .dataframe tbody tr th {\n",
       "        vertical-align: top;\n",
       "    }\n",
       "\n",
       "    .dataframe thead th {\n",
       "        text-align: right;\n",
       "    }\n",
       "</style>\n",
       "<table border=\"1\" class=\"dataframe\">\n",
       "  <thead>\n",
       "    <tr style=\"text-align: right;\">\n",
       "      <th></th>\n",
       "      <th>job</th>\n",
       "      <th>marital</th>\n",
       "      <th>education</th>\n",
       "      <th>default</th>\n",
       "      <th>housing</th>\n",
       "      <th>loan</th>\n",
       "      <th>contact</th>\n",
       "      <th>month</th>\n",
       "      <th>poutcome</th>\n",
       "      <th>deposit</th>\n",
       "    </tr>\n",
       "  </thead>\n",
       "  <tbody>\n",
       "    <tr>\n",
       "      <th>count</th>\n",
       "      <td>11162</td>\n",
       "      <td>11162</td>\n",
       "      <td>11162</td>\n",
       "      <td>11162</td>\n",
       "      <td>11162</td>\n",
       "      <td>11162</td>\n",
       "      <td>11162</td>\n",
       "      <td>11162</td>\n",
       "      <td>11162</td>\n",
       "      <td>11162</td>\n",
       "    </tr>\n",
       "    <tr>\n",
       "      <th>unique</th>\n",
       "      <td>12</td>\n",
       "      <td>3</td>\n",
       "      <td>4</td>\n",
       "      <td>2</td>\n",
       "      <td>2</td>\n",
       "      <td>2</td>\n",
       "      <td>3</td>\n",
       "      <td>12</td>\n",
       "      <td>4</td>\n",
       "      <td>2</td>\n",
       "    </tr>\n",
       "    <tr>\n",
       "      <th>top</th>\n",
       "      <td>management</td>\n",
       "      <td>married</td>\n",
       "      <td>secondary</td>\n",
       "      <td>no</td>\n",
       "      <td>no</td>\n",
       "      <td>no</td>\n",
       "      <td>cellular</td>\n",
       "      <td>may</td>\n",
       "      <td>unknown</td>\n",
       "      <td>no</td>\n",
       "    </tr>\n",
       "    <tr>\n",
       "      <th>freq</th>\n",
       "      <td>2566</td>\n",
       "      <td>6351</td>\n",
       "      <td>5476</td>\n",
       "      <td>10994</td>\n",
       "      <td>5881</td>\n",
       "      <td>9702</td>\n",
       "      <td>8042</td>\n",
       "      <td>2824</td>\n",
       "      <td>8326</td>\n",
       "      <td>5873</td>\n",
       "    </tr>\n",
       "  </tbody>\n",
       "</table>\n",
       "</div>"
      ],
      "text/plain": [
       "               job  marital  education default housing   loan   contact  \\\n",
       "count        11162    11162      11162   11162   11162  11162     11162   \n",
       "unique          12        3          4       2       2      2         3   \n",
       "top     management  married  secondary      no      no     no  cellular   \n",
       "freq          2566     6351       5476   10994    5881   9702      8042   \n",
       "\n",
       "        month poutcome deposit  \n",
       "count   11162    11162   11162  \n",
       "unique     12        4       2  \n",
       "top       may  unknown      no  \n",
       "freq     2824     8326    5873  "
      ]
     },
     "execution_count": 22,
     "metadata": {},
     "output_type": "execute_result"
    }
   ],
   "source": [
    "# Summary of categorical columns\n",
    "df.describe(include=['object'])"
   ]
  },
  {
   "cell_type": "code",
   "execution_count": null,
   "id": "40bb036a",
